softsign = 80.72916666666666
tanh = 80.859375
relu = 80.72916666666666
sigmoid = 81.90104166666666
elu = 79.55729166666666
softplus = 79.94791666666666
linear = 78.77604166666666
selu = 81.38020833333334
softmax = 79.296875
hard_sigmoid = 81.11979166666666
