softsign = 81.38020833333334
tanh = 79.42708333333334
relu = 80.46875
sigmoid = 81.25
elu = 77.21354166666666
softplus = 79.55729166666666
linear = 79.42708333333334
selu = 79.42708333333334
softmax = 81.640625
hard_sigmoid = 80.859375
