softsign = 79.16666666666666
tanh = 79.16666666666666
relu = 77.99479166666666
sigmoid = 79.94791666666666
elu = 81.77083333333334
softplus = 79.94791666666666
linear = 79.42708333333334
selu = 79.81770833333334
softmax = 78.64583333333334
hard_sigmoid = 79.94791666666666
