softsign = 78.90625
tanh = 78.90625
relu = 79.55729166666666
sigmoid = 78.77604166666666
elu = 78.77604166666666
softplus = 79.55729166666666
linear = 80.20833333333334
selu = 79.03645833333334
softmax = 65.10416666666666
hard_sigmoid = 81.90104166666666
