softsign = 80.859375
tanh = 80.859375
relu = 79.6875
sigmoid = 80.859375
elu = 79.42708333333334
softplus = 81.11979166666666
linear = 77.21354166666666
selu = 80.33854166666666
softmax = 79.16666666666666
hard_sigmoid = 80.078125
