softsign = 79.6875
tanh = 82.16145833333334
relu = 81.11979166666666
sigmoid = 82.03125
elu = 79.94791666666666
softplus = 71.09375
linear = 77.734375
selu = 78.125
softmax = 78.515625
hard_sigmoid = 78.25520833333334
