softsign = 80.72916666666666
tanh = 79.55729166666666
relu = 80.98958333333334
sigmoid = 80.859375
elu = 79.296875
softplus = 79.81770833333334
linear = 78.125
selu = 78.77604166666666
softmax = 78.90625
hard_sigmoid = 80.078125
