softsign = 80.33854166666666
tanh = 79.94791666666666
relu = 82.03125
sigmoid = 79.94791666666666
elu = 80.72916666666666
softplus = 78.64583333333334
linear = 78.125
selu = 80.859375
softmax = 78.125
hard_sigmoid = 80.33854166666666
