softsign = 81.11979166666666
tanh = 82.94270833333334
relu = 77.86458333333334
sigmoid = 79.6875
elu = 80.20833333333334
softplus = 80.33854166666666
linear = 77.86458333333334
selu = 79.16666666666666
softmax = 80.078125
hard_sigmoid = 80.46875
