softsign = 79.81770833333334
tanh = 81.51041666666666
relu = 80.98958333333334
sigmoid = 65.10416666666666
elu = 81.25
softplus = 79.42708333333334
linear = 77.34375
selu = 80.59895833333334
softmax = 81.25
hard_sigmoid = 79.16666666666666
