softsign = 82.29166666666666
tanh = 79.55729166666666
relu = 79.42708333333334
sigmoid = 81.25
elu = 80.46875
softplus = 79.03645833333334
linear = 77.734375
selu = 79.55729166666666
softmax = 81.38020833333334
hard_sigmoid = 80.859375
