softsign = 78.125
tanh = 80.59895833333334
relu = 79.16666666666666
sigmoid = 80.46875
elu = 79.16666666666666
softplus = 80.72916666666666
linear = 79.6875
selu = 77.60416666666666
softmax = 81.51041666666666
hard_sigmoid = 80.20833333333334
