softsign = 80.98958333333334
tanh = 80.20833333333334
relu = 79.42708333333334
sigmoid = 82.29166666666666
elu = 80.20833333333334
softplus = 79.16666666666666
linear = 79.16666666666666
selu = 80.59895833333334
softmax = 74.47916666666666
hard_sigmoid = 78.90625
