softsign = 76.953125
tanh = 79.6875
relu = 80.46875
sigmoid = 80.98958333333334
elu = 80.859375
softplus = 80.078125
linear = 80.20833333333334
selu = 80.33854166666666
softmax = 78.125
hard_sigmoid = 77.86458333333334
