softsign = 80.59895833333334
tanh = 78.25520833333334
relu = 78.64583333333334
sigmoid = 79.03645833333334
elu = 79.6875
softplus = 79.16666666666666
linear = 80.20833333333334
selu = 80.20833333333334
softmax = 81.90104166666666
hard_sigmoid = 79.81770833333334
