softsign = 81.11979166666666
tanh = 81.25
relu = 80.859375
sigmoid = 78.125
elu = 80.98958333333334
softplus = 80.98958333333334
linear = 78.64583333333334
selu = 80.59895833333334
softmax = 82.03125
hard_sigmoid = 80.20833333333334
