softsign = 80.33854166666666
tanh = 80.078125
relu = 79.6875
sigmoid = 80.078125
elu = 82.03125
softplus = 79.16666666666666
linear = 79.42708333333334
selu = 80.46875
softmax = 80.46875
hard_sigmoid = 78.38541666666666
