softsign = 81.38020833333334
tanh = 80.20833333333334
relu = 79.296875
sigmoid = 79.03645833333334
elu = 78.125
softplus = 79.55729166666666
linear = 78.125
selu = 80.46875
softmax = 65.10416666666666
hard_sigmoid = 78.77604166666666
