softsign = 81.51041666666666
tanh = 79.94791666666666
relu = 80.98958333333334
sigmoid = 80.078125
elu = 77.47395833333334
softplus = 79.6875
linear = 77.86458333333334
selu = 79.6875
softmax = 65.10416666666666
hard_sigmoid = 78.90625
